   3.8689921e+00   2.6597348e+00   1.3780000e+00   7.7199991e-01   2.3077014e+01   3.6000000e-01   3.1055641e-01   7.1706261e+03   1.0000000e+00             Inf
   3.8683096e+00   2.2949959e+00   1.2460282e+00   7.7199608e-01   2.3248546e+01   3.2002344e-01   4.8113963e-01   6.7690458e+03   1.0000000e+00             Inf
   4.0949204e+00   2.4204339e+00   1.3327360e+00   7.7199991e-01   2.3250000e+01   3.3049648e-01   4.0459846e-01   6.7979284e+03   1.0000000e+00   4.5556301e-01
   3.9328966e+00   2.4441891e+00   1.2955201e+00   7.7200000e-01   2.3240901e+01   3.3836260e-01   3.5681384e-01   6.8092481e+03   1.0000000e+00   3.1112411e-01
   3.9050218e+00   2.2985886e+00   1.3272170e+00   7.7199907e-01   2.3250000e+01   3.2484074e-01   4.4626885e-01   6.7829038e+03   1.0000000e+00   2.3728643e-01
   3.9087625e+00   2.6778737e+00   1.3277117e+00   7.7199532e-01   2.3226048e+01   3.6000000e-01   3.1233229e-01   7.0862361e+03   1.0000000e+00   2.0378620e-01
   3.8660454e+00   2.6376824e+00   1.3772058e+00   7.7199997e-01   2.3066751e+01   3.6000000e-01   3.1232079e-01   7.1671157e+03   1.0000000e+00   2.0155975e-01
   3.9049750e+00   2.2940000e+00   1.3292591e+00   7.7199908e-01   2.3250000e+01   3.2752461e-01   4.2629848e-01   6.7898809e+03   1.0000000e+00   1.4988394e-01
   3.9049619e+00   2.2940000e+00   1.3278792e+00   7.7199907e-01   2.3250000e+01   3.2747437e-01   4.2671630e-01   6.7898070e+03   1.0000000e+00   1.3444547e-01
   3.9086587e+00   2.5492887e+00   1.3406089e+00   7.7200000e-01   2.3250000e+01   3.2239488e-01   4.6276606e-01   6.7793843e+03   1.0000000e+00   1.1925186e-01
   3.9027610e+00   2.2940006e+00   1.3238384e+00   7.7199848e-01   2.3249958e+01   3.2238808e-01   4.6404041e-01   6.7763614e+03   1.0000000e+00   9.1631560e-02
   3.9286280e+00   2.6378576e+00   1.3708465e+00   7.7199981e-01   2.3249891e+01   3.2012972e-01   4.7858966e-01   6.7743055e+03   1.0000000e+00   9.0683328e-02
   3.9713397e+00   2.5587670e+00   1.2657571e+00   7.7200000e-01   2.3247325e+01   3.4776832e-01   3.3422516e-01   6.9816765e+03   1.0000000e+00   7.6765172e-02
   3.8689653e+00   2.3186698e+00   1.2941893e+00   7.7198537e-01   2.3247310e+01   3.5028339e-01   3.3172815e-01   7.0034042e+03   1.0000000e+00   7.1767487e-02
   3.9687243e+00   2.5615846e+00   1.2611458e+00   7.7199961e-01   2.3250000e+01   3.4073940e-01   3.4972063e-01   6.8601751e+03   1.0000000e+00   6.9278561e-02
   3.9277908e+00   2.4535624e+00   1.2941781e+00   7.7199999e-01   2.3235907e+01   3.4032473e-01   3.5137990e-01   6.8573142e+03   1.0000000e+00   6.7739610e-02
   3.9234652e+00   2.6731816e+00   1.3304900e+00   7.7199989e-01   2.3228855e+01   3.6000000e-01   3.1260018e-01   7.0599300e+03   1.0000000e+00   6.6486666e-02
   3.8660000e+00   2.5475764e+00   1.3224083e+00   7.7200000e-01   2.3249660e+01   3.4614020e-01   3.3484528e-01   6.9566338e+03   1.0000000e+00   6.6358681e-02
   3.9332130e+00   2.4585884e+00   1.2950040e+00   7.7199998e-01   2.3239620e+01   3.4145048e-01   3.4816080e-01   6.8821218e+03   1.0000000e+00   6.5871794e-02
   3.9626126e+00   2.4792080e+00   1.3086671e+00   7.7199992e-01   2.3249619e+01   3.3974176e-01   3.5262329e-01   6.8351717e+03   1.0000000e+00   6.5734054e-02
   3.9177156e+00   2.2998935e+00   1.3780000e+00   7.7200000e-01   2.3234481e+01   3.5267982e-01   3.2840655e-01   7.0273549e+03   1.0000000e+00   6.4935535e-02
   3.9127758e+00   2.6762815e+00   1.3283961e+00   7.7199554e-01   2.3221802e+01   3.5975702e-01   3.1259986e-01   7.0854094e+03   1.0000000e+00   6.4761471e-02
   3.9813088e+00   2.5051999e+00   1.3221319e+00   7.7200000e-01   2.3250000e+01   3.3860747e-01   3.5559017e-01   6.8120661e+03   1.0000000e+00   6.4181101e-02
   3.9853748e+00   2.5405114e+00   1.2822774e+00   7.7199702e-01   2.3233898e+01   3.4238176e-01   3.4578599e-01   6.9060911e+03   1.0000000e+00   6.3451154e-02
   3.9627084e+00   2.4517616e+00   1.3042126e+00   7.7199996e-01   2.3237195e+01   3.3932438e-01   3.5416637e-01   6.8326966e+03   1.0000000e+00   6.3077314e-02
   3.9641416e+00   2.5908425e+00   1.2644146e+00   7.7199957e-01   2.3249724e+01   3.4300765e-01   3.4305501e-01   6.9090647e+03   1.0000000e+00   6.0645730e-02
   3.9656965e+00   2.5447432e+00   1.2690716e+00   7.7199966e-01   2.3249882e+01   3.4180601e-01   3.4688224e-01   6.8845462e+03   1.0000000e+00   6.0318903e-02
   3.8965754e+00   2.3382119e+00   1.3719147e+00   7.7188219e-01   2.3228581e+01   3.5692215e-01   3.2278625e-01   7.0546624e+03   1.0000000e+00   5.9669542e-02
   3.9727309e+00   2.5790235e+00   1.2683319e+00   7.7199996e-01   2.3247496e+01   3.5033195e-01   3.2964091e-01   7.0074614e+03   1.0000000e+00   5.9570847e-02
   3.8661498e+00   2.3873543e+00   1.3769667e+00   7.7190728e-01   2.3250000e+01   3.5566681e-01   3.2284719e-01   7.0322242e+03   1.0000000e+00   5.9133271e-02
   3.9836563e+00   2.5427489e+00   1.2769940e+00   7.7199817e-01   2.3233997e+01   3.4362319e-01   3.4268567e-01   6.9309365e+03   1.0000000e+00   5.8456603e-02
   3.8665968e+00   2.5657130e+00   1.3285026e+00   7.7199842e-01   2.3249838e+01   3.4425533e-01   3.3794223e-01   6.9340742e+03   1.0000000e+00   5.7599400e-02
   3.8660000e+00   2.5465726e+00   1.3224074e+00   7.7200000e-01   2.3249637e+01   3.4774398e-01   3.3205590e-01   6.9832032e+03   1.0000000e+00   5.5757526e-02
   3.9686584e+00   2.5742385e+00   1.2560523e+00   7.7199984e-01   2.3243561e+01   3.4582106e-01   3.3779426e-01   6.9553644e+03   1.0000000e+00   5.3941101e-02
   4.0416280e+00   2.4159539e+00   1.3585416e+00   7.7200000e-01   2.3228575e+01   3.6000000e-01   3.2060585e-01   7.0557256e+03   1.0000000e+00   2.2825918e-02
   3.8671079e+00   2.5095667e+00   1.2877371e+00   7.7200000e-01   2.3228838e+01   3.5997506e-01   3.1748631e-01   7.0564638e+03   1.0000000e+00   2.2438165e-02
   3.9715323e+00   2.5795309e+00   1.2669545e+00   7.7199996e-01   2.3247420e+01   3.5020069e-01   3.2985118e-01   7.0068333e+03   1.0000000e+00   2.2338955e-02
   3.9612132e+00   2.5533037e+00   1.2683115e+00   7.7199963e-01   2.3249919e+01   3.4429122e-01   3.4113826e-01   6.9330879e+03   1.0000000e+00   1.8861363e-02
   3.8660000e+00   2.5479682e+00   1.3240639e+00   7.7199840e-01   2.3249717e+01   3.4423274e-01   3.3875157e-01   6.9335894e+03   1.0000000e+00   1.7476145e-02
   3.9019529e+00   2.2940000e+00   1.3261528e+00   7.7199899e-01   2.3249958e+01   3.2239487e-01   4.6393522e-01   6.7766040e+03   1.0000000e+00   1.4998037e-02
   3.9478243e+00   2.2940569e+00   1.3771350e+00   7.7198785e-01   2.3249990e+01   3.2011787e-01   4.8003477e-01   6.7721207e+03   1.0000000e+00   1.3748519e-02
   3.9085796e+00   2.5615288e+00   1.3423238e+00   7.7199566e-01   2.3249977e+01   3.2012956e-01   4.7897817e-01   6.7729379e+03   1.0000000e+00   1.3639556e-02
   3.8720833e+00   2.5272329e+00   1.3234104e+00   7.7200000e-01   2.3249741e+01   3.4758924e-01   3.3283446e-01   6.9827274e+03   1.0000000e+00   1.2986016e-02
   3.8884857e+00   2.3390265e+00   1.3706603e+00   7.7188837e-01   2.3230357e+01   3.5722580e-01   3.2241146e-01   7.0551605e+03   1.0000000e+00   1.2729520e-02
   3.9549530e+00   2.5804084e+00   1.2747103e+00   7.7199873e-01   2.3248761e+01   3.4605446e-01   3.3649242e-01   6.9564583e+03   1.0000000e+00   1.2062566e-02
   4.0428615e+00   2.4096563e+00   1.3591401e+00   7.7200000e-01   2.3228470e+01   3.6000000e-01   3.2095790e-01   7.0554701e+03   1.0000000e+00   1.1992035e-02
   3.8705101e+00   2.2948084e+00   1.2950050e+00   7.7198584e-01   2.3247253e+01   3.5396207e-01   3.2713152e-01   7.0276307e+03   1.0000000e+00   1.1678850e-02
   3.9643412e+00   2.6062798e+00   1.3282106e+00   7.7199967e-01   2.3228821e+01   3.6000000e-01   3.1649314e-01   7.0577833e+03   1.0000000e+00   1.1320670e-02
   3.9634790e+00   2.4837274e+00   1.3016800e+00   7.7199940e-01   2.3250000e+01   3.4177545e-01   3.4718440e-01   6.8833399e+03   1.0000000e+00   1.1213340e-02
   3.8731022e+00   2.6614933e+00   1.3780000e+00   7.7199991e-01   2.3070464e+01   3.6000000e-01   3.1061898e-01   7.1694403e+03   1.0000000e+00   1.0947683e-02
   3.8660000e+00   2.6401518e+00   1.3780000e+00   7.7199841e-01   2.3066162e+01   3.6000000e-01   3.1139751e-01   7.1682098e+03   1.0000000e+00   1.0306103e-02
   3.9069089e+00   2.2940300e+00   1.3234638e+00   7.7199929e-01   2.3250000e+01   3.2013376e-01   4.8008309e-01   6.7700179e+03   1.0000000e+00   1.0153741e-02
   3.9614533e+00   2.5461936e+00   1.2698048e+00   7.7199832e-01   2.3249894e+01   3.4293228e-01   3.4406326e-01   6.9079985e+03   1.0000000e+00   1.0131095e-02
   3.8660000e+00   2.5482555e+00   1.3235994e+00   7.7200000e-01   2.3249677e+01   3.4611301e-01   3.3486282e-01   6.9565293e+03   1.0000000e+00   1.0092760e-02
   3.8905588e+00   2.3378645e+00   1.3717996e+00   7.7189301e-01   2.3245031e+01   3.5403935e-01   3.2580754e-01   7.0297177e+03   1.0000000e+00   9.7341747e-03
   3.8666855e+00   2.5095329e+00   1.2897487e+00   7.7200000e-01   2.3228837e+01   3.5998139e-01   3.1742926e-01   7.0572581e+03   1.0000000e+00   9.1079883e-03
   3.9281334e+00   2.6740277e+00   1.3290648e+00   7.7200000e-01   2.3228810e+01   3.6000000e-01   3.1272034e-01   7.0589933e+03   1.0000000e+00   8.8456719e-03
   3.9371438e+00   2.6746629e+00   1.3287805e+00   7.7199966e-01   2.3228895e+01   3.6000000e-01   3.1376329e-01   7.0588143e+03   1.0000000e+00   8.8219164e-03
   3.9338661e+00   2.4640853e+00   1.2999477e+00   7.7199998e-01   2.3240152e+01   3.4148457e-01   3.4793096e-01   6.8824147e+03   1.0000000e+00   8.7568900e-03
   4.0006135e+00   2.5349800e+00   1.2675791e+00   7.7200000e-01   2.3248730e+01   3.4071871e-01   3.5038700e-01   6.8595418e+03   1.0000000e+00   8.6209609e-03
   3.9613561e+00   2.6463690e+00   1.3273301e+00   7.7200000e-01   2.3229387e+01   3.6000000e-01   3.1502439e-01   7.0585420e+03   1.0000000e+00   8.6118657e-03
   3.9651967e+00   2.5767685e+00   1.2675282e+00   7.7199965e-01   2.3249956e+01   3.4301154e-01   3.4354539e-01   6.9086063e+03   1.0000000e+00   8.5656401e-03
   3.9616724e+00   2.4561718e+00   1.3007127e+00   7.7199999e-01   2.3246468e+01   3.3963161e-01   3.5339495e-01   6.8335838e+03   1.0000000e+00   8.5453721e-03
   3.9643376e+00   2.4793960e+00   1.3086261e+00   7.7199988e-01   2.3248390e+01   3.3968223e-01   3.5280699e-01   6.8342763e+03   1.0000000e+00   8.4778113e-03
   4.0308164e+00   2.3701120e+00   1.2835936e+00   7.7199982e-01   2.3249788e+01   3.2012390e-01   4.8079681e-01   6.7698371e+03   1.0000000e+00   8.4384453e-03
   3.9600693e+00   2.4679954e+00   1.3104759e+00   7.7199993e-01   2.3250000e+01   3.3866762e-01   3.5568985e-01   6.8105093e+03   1.0000000e+00   8.3066834e-03
   3.9342962e+00   2.4602202e+00   1.3013719e+00   7.7200000e-01   2.3239124e+01   3.4040846e-01   3.5070090e-01   6.8578490e+03   1.0000000e+00   8.2302333e-03
   3.8660000e+00   2.6405803e+00   1.3772098e+00   7.7199841e-01   2.3066316e+01   3.6000000e-01   3.1142354e-01   7.1671956e+03   1.0000000e+00   8.0478840e-03
   3.9678478e+00   2.5795591e+00   1.2727934e+00   7.7199874e-01   2.3248158e+01   3.4597380e-01   3.3717084e-01   6.9559548e+03   1.0000000e+00   7.9655566e-03
   3.9856094e+00   2.5463547e+00   1.2806590e+00   7.7199679e-01   2.3233997e+01   3.4239992e-01   3.4534243e-01   6.9064020e+03   1.0000000e+00   7.9248015e-03
   3.9805624e+00   2.5509024e+00   1.2518987e+00   7.7199996e-01   2.3250000e+01   3.4430177e-01   3.4163120e-01   6.9327942e+03   1.0000000e+00   7.5736354e-03
   3.8683379e+00   2.3381661e+00   1.3699693e+00   7.7189890e-01   2.3249610e+01   3.5550092e-01   3.2394266e-01   7.0309795e+03   1.0000000e+00   7.5345861e-03
   3.8920317e+00   2.3379981e+00   1.3719209e+00   7.7189666e-01   2.3245502e+01   3.5466212e-01   3.2510897e-01   7.0298943e+03   1.0000000e+00   7.4593242e-03
   3.8959322e+00   2.3658923e+00   1.3748493e+00   7.7199607e-01   2.3237558e+01   3.5327708e-01   3.2632712e-01   7.0288530e+03   1.0000000e+00   7.4187681e-03
   3.9753784e+00   2.5574922e+00   1.2785040e+00   7.7200000e-01   2.3240399e+01   3.4266467e-01   3.4472817e-01   6.9073223e+03   1.0000000e+00   6.9238927e-03
   3.9343779e+00   2.4520551e+00   1.3025599e+00   7.7199969e-01   2.3247482e+01   3.3858831e-01   3.5607399e-01   6.8098693e+03   1.0000000e+00   6.9182326e-03
   3.9582451e+00   2.4568073e+00   1.3027269e+00   7.7199999e-01   2.3241255e+01   3.3947095e-01   3.5373088e-01   6.8330196e+03   1.0000000e+00   6.7316125e-03
   3.8687061e+00   2.3961274e+00   1.3726305e+00   7.7189228e-01   2.3249186e+01   3.5527317e-01   3.2329284e-01   7.0310898e+03   1.0000000e+00   6.6200002e-03
   3.8689166e+00   2.3381003e+00   1.3707411e+00   7.7189582e-01   2.3248870e+01   3.5506262e-01   3.2441468e-01   7.0307051e+03   1.0000000e+00   6.6151887e-03
   3.9310683e+00   2.6727073e+00   1.3286092e+00   7.7199987e-01   2.3229007e+01   3.6000000e-01   3.1366767e-01   7.0588907e+03   1.0000000e+00   6.5598713e-03
   3.8908687e+00   2.3579871e+00   1.3734414e+00   7.7190364e-01   2.3245378e+01   3.5468386e-01   3.2473634e-01   7.0301915e+03   1.0000000e+00   6.0890003e-03
   3.9339107e+00   2.4613072e+00   1.3033020e+00   7.7200000e-01   2.3240892e+01   3.4043105e-01   3.5058237e-01   6.8587418e+03   1.0000000e+00   6.0553852e-03
   3.9811074e+00   2.5574759e+00   1.2785735e+00   7.7200000e-01   2.3240242e+01   3.4384813e-01   3.4222242e-01   6.9325987e+03   1.0000000e+00   6.0504372e-03
   3.8663144e+00   2.5591326e+00   1.3294247e+00   7.7199848e-01   2.3249778e+01   3.4428044e-01   3.3844836e-01   6.9337735e+03   1.0000000e+00   5.9516355e-03
   3.9980254e+00   2.5492742e+00   1.2522199e+00   7.7200000e-01   2.3246032e+01   3.4285352e-01   3.4495235e-01   6.9073110e+03   1.0000000e+00   5.8925881e-03
   3.9646418e+00   2.4504760e+00   1.3030716e+00   7.7199984e-01   2.3246413e+01   3.3853812e-01   3.5656258e-01   6.8097856e+03   1.0000000e+00   5.8840694e-03
   3.8683982e+00   2.5345757e+00   1.3247669e+00   7.7200000e-01   2.3249818e+01   3.4738724e-01   3.3254969e-01   6.9829471e+03   1.0000000e+00   5.7490165e-03
   3.9310965e+00   2.6279206e+00   1.3695999e+00   7.7199981e-01   2.3249888e+01   3.2012967e-01   4.7861712e-01   6.7742607e+03   1.0000000e+00   5.6830275e-03
   3.8697537e+00   2.2949838e+00   1.2950223e+00   7.7198464e-01   2.3247241e+01   3.5408811e-01   3.2696974e-01   7.0286624e+03   1.0000000e+00   5.5396889e-03
   3.9672117e+00   2.6397245e+00   1.3290515e+00   7.7200000e-01   2.3228481e+01   3.6000000e-01   3.1582460e-01   7.0580266e+03   1.0000000e+00   5.4888919e-03
   3.8660000e+00   2.6379052e+00   1.3771954e+00   7.7199997e-01   2.3066930e+01   3.6000000e-01   3.1231827e-01   7.1671455e+03   1.0000000e+00   5.4589314e-03
   3.8660000e+00   2.3912823e+00   1.3711459e+00   7.7190335e-01   2.3249943e+01   3.5553025e-01   3.2305541e-01   7.0315493e+03   1.0000000e+00   5.4372991e-03
   3.9604904e+00   2.6378038e+00   1.3289601e+00   7.7200000e-01   2.3229226e+01   3.6000000e-01   3.1573570e-01   7.0582044e+03   1.0000000e+00   5.4333546e-03
   3.9698275e+00   2.5851255e+00   1.2645774e+00   7.7199859e-01   2.3248652e+01   3.4603406e-01   3.3677930e-01   6.9561969e+03   1.0000000e+00   5.2309122e-03
   3.9685972e+00   2.5740607e+00   1.2560418e+00   7.7199981e-01   2.3243674e+01   3.4582213e-01   3.3779267e-01   6.9553838e+03   1.0000000e+00   5.1248662e-03
   3.9815638e+00   2.5583359e+00   1.2773928e+00   7.7200000e-01   2.3240236e+01   3.4384889e-01   3.4224418e-01   6.9318075e+03   1.0000000e+00   5.0279122e-03
   3.9647755e+00   2.6449040e+00   1.3277782e+00   7.7200000e-01   2.3229180e+01   3.6000000e-01   3.1508210e-01   7.0584606e+03   1.0000000e+00   5.0104158e-03
   3.9652625e+00   2.5392247e+00   1.2702721e+00   7.7199967e-01   2.3249888e+01   3.4180319e-01   3.4688804e-01   6.8844626e+03   1.0000000e+00   4.7754257e-03
   3.9847387e+00   2.5444307e+00   1.2795722e+00   7.7199820e-01   2.3234299e+01   3.4360683e-01   3.4266293e-01   6.9316167e+03   1.0000000e+00   4.7570955e-03
   3.8735617e+00   2.2949837e+00   1.2949442e+00   7.7198560e-01   2.3247105e+01   3.5441749e-01   3.2663626e-01   7.0286894e+03   1.0000000e+00   4.2416409e-03
