   3.9780000e+00   2.6679926e+00   1.3212789e+00   7.8389298e-01   2.3157919e+01   3.7656929e-01   3.0774310e-01   6.8918415e+03   1.0000000e+00             Inf
   4.3511240e+00   2.0680000e+00   1.2005236e+00   7.8400000e-01   2.3249956e+01   3.0123549e-01   6.0377241e-01   6.5120503e+03   1.0000000e+00             Inf
   3.9780000e+00   2.6680000e+00   1.3260000e+00   7.8399895e-01   2.3249063e+01   3.7518046e-01   3.0775655e-01   6.8553952e+03   1.0000000e+00   9.7455398e-02
   3.9780509e+00   2.6680000e+00   1.3213323e+00   7.8389367e-01   2.3157945e+01   3.7662522e-01   3.0775139e-01   6.8918075e+03   1.0000000e+00   9.6009536e-02
   4.3542935e+00   2.0903842e+00   1.1905885e+00   7.8399965e-01   2.3249977e+01   3.3172986e-01   4.0013337e-01   6.6099680e+03   1.0000000e+00   9.5104601e-02
   4.3506502e+00   2.2215523e+00   1.2151615e+00   7.8399961e-01   2.3249986e+01   3.2837497e-01   4.2427874e-01   6.6053074e+03   1.0000000e+00   9.4788362e-02
   4.3527446e+00   2.0764965e+00   1.1914113e+00   7.8399975e-01   2.3249980e+01   3.3567988e-01   3.7486894e-01   6.6137466e+03   1.0000000e+00   9.1135346e-02
   4.3575310e+00   2.2040242e+00   1.2033345e+00   7.8399998e-01   2.3250000e+01   3.3173343e-01   3.9913454e-01   6.6111106e+03   1.0000000e+00   8.9835405e-02
   4.2775680e+00   2.0680000e+00   1.1987599e+00   7.8399994e-01   2.3249976e+01   3.2836491e-01   4.2505030e-01   6.6037361e+03   1.0000000e+00   8.0469903e-02
   4.3542251e+00   2.2390644e+00   1.2170655e+00   7.8399994e-01   2.3249977e+01   3.2540963e-01   4.4600576e-01   6.6004277e+03   1.0000000e+00   8.0399279e-02
   4.3229515e+00   2.2557939e+00   1.2238987e+00   7.8399279e-01   2.3250000e+01   3.2272171e-01   4.6503065e-01   6.5955101e+03   1.0000000e+00   7.1338242e-02
   4.3273102e+00   2.0752290e+00   1.1981521e+00   7.8399994e-01   2.3250000e+01   3.2541082e-01   4.4697827e-01   6.5988678e+03   1.0000000e+00   7.0695789e-02
   4.3109421e+00   2.1003218e+00   1.2431317e+00   7.8399980e-01   2.3249732e+01   3.7433389e-01   3.2213491e-01   6.8211142e+03   1.0000000e+00   6.6865621e-02
   3.9790215e+00   2.6559966e+00   1.3259560e+00   7.8399977e-01   2.3250000e+01   3.4978103e-01   3.2783906e-01   6.8045173e+03   1.0000000e+00   6.6060586e-02
   3.9784607e+00   2.6664581e+00   1.3204714e+00   7.8399937e-01   2.3249077e+01   3.4548542e-01   3.3531221e-01   6.7552513e+03   1.0000000e+00   6.1883168e-02
   3.9780353e+00   2.6487796e+00   1.3242855e+00   7.8399998e-01   2.3231719e+01   3.4636730e-01   3.3422469e-01   6.7771334e+03   1.0000000e+00   6.1705909e-02
   4.0154893e+00   2.6031655e+00   1.3216587e+00   7.8399811e-01   2.3248155e+01   3.4027136e-01   3.5009234e-01   6.6592983e+03   1.0000000e+00   6.0450255e-02
   3.9780000e+00   2.6680000e+00   1.3235517e+00   7.8399791e-01   2.3250000e+01   3.3929055e-01   3.5049002e-01   6.6370404e+03   1.0000000e+00   6.0035318e-02
   3.9781137e+00   2.6662748e+00   1.3218083e+00   7.8399566e-01   2.3250000e+01   3.4255429e-01   3.4221563e-01   6.7083148e+03   1.0000000e+00   5.9841707e-02
   3.9945749e+00   2.5779095e+00   1.2955696e+00   7.8399863e-01   2.3248384e+01   3.4369328e-01   3.4192260e-01   6.7303757e+03   1.0000000e+00   5.9773967e-02
   3.9781153e+00   2.6673713e+00   1.3205729e+00   7.8399998e-01   2.3249192e+01   3.4733631e-01   3.3188541e-01   6.7795120e+03   1.0000000e+00   5.9391960e-02
   3.9780000e+00   2.6649796e+00   1.3256852e+00   7.8399784e-01   2.3250000e+01   3.4032891e-01   3.4777729e-01   6.6610242e+03   1.0000000e+00   5.9115851e-02
   3.9810635e+00   2.5690539e+00   1.3259972e+00   7.8399996e-01   2.3236713e+01   3.4868145e-01   3.3182918e-01   6.8018377e+03   1.0000000e+00   5.9097129e-02
   4.0047721e+00   2.6035301e+00   1.3045672e+00   7.8399884e-01   2.3245915e+01   3.4124253e-01   3.4766432e-01   6.6827955e+03   1.0000000e+00   5.8979838e-02
   3.9780000e+00   2.6662783e+00   1.3217377e+00   7.8399544e-01   2.3250000e+01   3.4137197e-01   3.4517859e-01   6.6846003e+03   1.0000000e+00   5.7898632e-02
   4.0044325e+00   2.5714371e+00   1.3002601e+00   7.8399860e-01   2.3248423e+01   3.4248994e-01   3.4508334e-01   6.7058354e+03   1.0000000e+00   5.6857682e-02
   3.9782919e+00   2.6680000e+00   1.3260000e+00   7.8399850e-01   2.3248785e+01   3.4373102e-01   3.3907745e-01   6.7332532e+03   1.0000000e+00   5.6358699e-02
   3.9811271e+00   2.5350299e+00   1.3029650e+00   7.8399862e-01   2.3248554e+01   3.4542887e-01   3.3844176e-01   6.7529750e+03   1.0000000e+00   5.6349737e-02
   3.9780000e+00   2.6680000e+00   1.3260000e+00   7.8399892e-01   2.3248852e+01   3.7356804e-01   3.0858558e-01   6.8289340e+03   1.0000000e+00   5.2027584e-02
   3.9780000e+00   2.6612826e+00   1.3101132e+00   7.8399987e-01   2.3225096e+01   3.7847223e-01   3.0854783e-01   6.8480242e+03   1.0000000e+00   5.1278478e-02
   3.9794915e+00   2.5862001e+00   1.3250281e+00   7.8400000e-01   2.3249998e+01   3.1031304e-01   5.4530442e-01   6.5637335e+03   1.0000000e+00   4.3164840e-02
   4.3650266e+00   2.0687992e+00   1.1876229e+00   7.8399999e-01   2.3249997e+01   3.2273577e-01   4.6636659e-01   6.5940842e+03   1.0000000e+00   4.2183738e-02
   3.9780000e+00   2.5676626e+00   1.3059650e+00   7.8399954e-01   2.3249946e+01   3.2028754e-01   4.7855523e-01   6.5940083e+03   1.0000000e+00   4.2144945e-02
   3.9876272e+00   2.6041668e+00   1.3259572e+00   7.8400000e-01   2.3250000e+01   3.1802776e-01   4.9417784e-01   6.5891053e+03   1.0000000e+00   3.9876463e-02
   4.3174742e+00   2.0921722e+00   1.1890988e+00   7.8399966e-01   2.3249999e+01   3.2028985e-01   4.8297746e-01   6.5892095e+03   1.0000000e+00   3.8581469e-02
   4.3664902e+00   2.0801736e+00   1.2202509e+00   7.8399681e-01   2.3250000e+01   3.1802486e-01   4.9860805e-01   6.5844920e+03   1.0000000e+00   3.8193602e-02
   4.1316814e+00   2.5996098e+00   1.3167238e+00   7.8399999e-01   2.3249965e+01   3.1393987e-01   5.2261394e-01   6.5774069e+03   1.0000000e+00   3.8145705e-02
   4.0855005e+00   2.6388189e+00   1.3259528e+00   7.8397288e-01   2.3249894e+01   3.1587564e-01   5.0938857e-01   6.5841088e+03   1.0000000e+00   3.7468094e-02
   4.3954300e+00   2.0680000e+00   1.1903455e+00   7.8399506e-01   2.3249757e+01   3.1590033e-01   5.1322125e-01   6.5790849e+03   1.0000000e+00   3.6325633e-02
   4.3519281e+00   2.0680000e+00   1.2152418e+00   7.8399617e-01   2.3249996e+01   3.1207750e-01   5.3766219e-01   6.5668875e+03   1.0000000e+00   3.5715687e-02
   4.3589322e+00   2.1271006e+00   1.2175611e+00   7.8399568e-01   2.3249999e+01   3.1030789e-01   5.4864317e-01   6.5604914e+03   1.0000000e+00   3.5429070e-02
   3.9865228e+00   2.6451870e+00   1.3245151e+00   7.8399998e-01   2.3250000e+01   3.0862932e-01   5.5593684e-01   6.5570215e+03   1.0000000e+00   3.4614287e-02
   4.3324155e+00   2.0795040e+00   1.1947254e+00   7.8399832e-01   2.3250000e+01   3.0863171e-01   5.5939125e-01   6.5529758e+03   1.0000000e+00   3.4540072e-02
   4.0728122e+00   2.5949132e+00   1.3230663e+00   7.8399964e-01   2.3249997e+01   3.0700969e-01   5.6633456e-01   6.5493282e+03   1.0000000e+00   3.4522164e-02
   4.0756372e+00   2.5979741e+00   1.3252029e+00   7.8399968e-01   2.3249994e+01   3.0549266e-01   5.7560812e-01   6.5412086e+03   1.0000000e+00   3.4062695e-02
   4.0686233e+00   2.5947191e+00   1.3254645e+00   7.8399881e-01   2.3249986e+01   3.0401927e-01   5.8444636e-01   6.5328064e+03   1.0000000e+00   3.3978126e-02
   4.3357892e+00   2.0756211e+00   1.1933959e+00   7.8399999e-01   2.3249929e+01   3.0548862e-01   5.7858127e-01   6.5377227e+03   1.0000000e+00   3.3645140e-02
   4.4113976e+00   2.0704347e+00   1.1929101e+00   7.8399615e-01   2.3249860e+01   3.1393349e-01   5.2614072e-01   6.5732208e+03   1.0000000e+00   3.3358585e-02
   4.3673644e+00   2.0680000e+00   1.1974193e+00   7.8400000e-01   2.3250000e+01   3.0260242e-01   5.9593615e-01   6.5210307e+03   1.0000000e+00   3.2833859e-02
   4.0307059e+00   2.6215960e+00   1.3260000e+00   7.8398938e-01   2.3249776e+01   3.0121914e-01   6.0087881e-01   6.5153394e+03   1.0000000e+00   3.2743167e-02
   4.3578600e+00   2.0680000e+00   1.1931538e+00   7.8399461e-01   2.3249992e+01   3.0702018e-01   5.6946622e-01   6.5456578e+03   1.0000000e+00   3.2466302e-02
   3.9782084e+00   2.6575081e+00   1.3229016e+00   7.8400000e-01   2.3249999e+01   3.0256048e-01   5.9283739e-01   6.5248743e+03   1.0000000e+00   3.2420183e-02
   3.9799134e+00   2.6668817e+00   1.3260000e+00   7.8399982e-01   2.3249847e+01   3.1207453e-01   5.3411200e-01   6.5714277e+03   1.0000000e+00   3.2157496e-02
   4.3468465e+00   2.0704498e+00   1.2006619e+00   7.8399996e-01   2.3249937e+01   3.0401710e-01   5.8740092e-01   6.5295587e+03   1.0000000e+00   3.1062943e-02
   4.2386751e+00   2.5609958e+00   1.2935629e+00   7.8400000e-01   2.3249989e+01   3.3568076e-01   3.6945571e-01   6.6196890e+03   1.0000000e+00   2.6630420e-02
   4.3155191e+00   2.2133660e+00   1.2090675e+00   7.8399934e-01   2.3249982e+01   3.3566312e-01   3.7343225e-01   6.6152714e+03   1.0000000e+00   2.6314818e-02
   4.3831678e+00   2.0949999e+00   1.2151707e+00   7.8399995e-01   2.3246958e+01   3.3919235e-01   3.6208580e-01   6.6282923e+03   1.0000000e+00   2.4649333e-02
   3.9780000e+00   2.5661718e+00   1.3203648e+00   7.8400000e-01   2.3250000e+01   3.1802623e-01   4.9427933e-01   6.5885645e+03   1.0000000e+00   2.2857668e-02
   3.9780000e+00   2.6680000e+00   1.3260000e+00   7.8399789e-01   2.3249737e+01   3.3563246e-01   3.6429761e-01   6.6228104e+03   1.0000000e+00   2.2479500e-02
   4.3599280e+00   2.1768733e+00   1.2362229e+00   7.8399577e-01   2.3249661e+01   3.1799414e-01   4.9813264e-01   6.5854980e+03   1.0000000e+00   2.1722128e-02
   4.2850667e+00   2.3540898e+00   1.2400830e+00   7.8399910e-01   2.3249716e+01   3.3928360e-01   3.5883568e-01   6.6308173e+03   1.0000000e+00   1.7167578e-02
   4.1196012e+00   2.5130603e+00   1.1940863e+00   7.8399978e-01   2.3249671e+01   3.1590484e-01   5.1125806e-01   6.5825679e+03   1.0000000e+00   1.7080717e-02
   4.0644560e+00   2.4718972e+00   1.3037422e+00   7.8399992e-01   2.3249962e+01   3.2028966e-01   4.7941167e-01   6.5928090e+03   1.0000000e+00   1.6805886e-02
   4.3049643e+00   2.2087666e+00   1.2228089e+00   7.8399271e-01   2.3249985e+01   3.2027842e-01   4.8219371e-01   6.5903072e+03   1.0000000e+00   1.6683935e-02
   4.1609987e+00   2.5372534e+00   1.3059827e+00   7.8399965e-01   2.3244739e+01   3.3911544e-01   3.5608682e-01   6.6331578e+03   1.0000000e+00   1.5631232e-02
   4.1171935e+00   2.4410695e+00   1.1971396e+00   7.8399996e-01   2.3249946e+01   3.0861190e-01   5.5810084e-01   6.5553542e+03   1.0000000e+00   1.5108649e-02
   4.3442617e+00   2.2067571e+00   1.2173343e+00   7.8399918e-01   2.3249998e+01   3.0123799e-01   6.0322917e-01   6.5126373e+03   1.0000000e+00   1.4590704e-02
   3.9780000e+00   2.6680000e+00   1.3260000e+00   7.8399997e-01   2.3220735e+01   3.7561895e-01   3.0777592e-01   6.8504150e+03   1.0000000e+00   1.4246900e-02
   4.1242762e+00   2.4713394e+00   1.1974993e+00   7.8400000e-01   2.3250000e+01   3.0401727e-01   5.8622408e-01   6.5316794e+03   1.0000000e+00   1.4145825e-02
   4.0543501e+00   2.5650552e+00   1.3194037e+00   7.8398944e-01   2.3249766e+01   3.0122024e-01   6.0109639e-01   6.5149299e+03   1.0000000e+00   1.3993071e-02
   4.3718742e+00   2.1351976e+00   1.2268844e+00   7.8399612e-01   2.3249578e+01   3.1589288e-01   5.1247967e-01   6.5795618e+03   1.0000000e+00   1.3815998e-02
   3.9783065e+00   2.6680000e+00   1.3260000e+00   7.8399890e-01   2.3246188e+01   3.7533832e-01   3.0777428e-01   6.8548242e+03   1.0000000e+00   1.3178391e-02
   4.1270265e+00   2.4698399e+00   1.2005181e+00   7.8400000e-01   2.3250000e+01   3.0260193e-01   5.9457842e-01   6.5229818e+03   1.0000000e+00   1.2964342e-02
   4.0903899e+00   2.5590397e+00   1.3074289e+00   7.8399924e-01   2.3249988e+01   3.0548783e-01   5.7597907e-01   6.5408520e+03   1.0000000e+00   1.2960933e-02
   4.3177741e+00   2.2346130e+00   1.2177222e+00   7.8399936e-01   2.3250000e+01   3.0547915e-01   5.7794946e-01   6.5386822e+03   1.0000000e+00   1.2618686e-02
   4.1089519e+00   2.5701982e+00   1.3175280e+00   7.8398877e-01   2.3250000e+01   3.0861795e-01   5.5657983e-01   6.5566237e+03   1.0000000e+00   1.0860722e-02
   4.3049937e+00   2.1790123e+00   1.2266057e+00   7.8400000e-01   2.3249992e+01   3.1208151e-01   5.3691532e-01   6.5673336e+03   1.0000000e+00   9.8289467e-03
   4.1145453e+00   2.5179671e+00   1.1996315e+00   7.8399995e-01   2.3249957e+01   3.1208028e-01   5.3624637e-01   6.5699059e+03   1.0000000e+00   9.3432326e-03
   4.1014788e+00   2.5113138e+00   1.1979208e+00   7.8399993e-01   2.3249946e+01   3.1031235e-01   5.4742756e-01   6.5630224e+03   1.0000000e+00   9.1327707e-03
   4.1184792e+00   2.4511044e+00   1.1915929e+00   7.8399995e-01   2.3249943e+01   3.1031091e-01   5.4757707e-01   6.5624993e+03   1.0000000e+00   9.0280384e-03
   4.0691529e+00   2.5944211e+00   1.3099653e+00   7.8399919e-01   2.3250000e+01   3.0401994e-01   5.8462607e-01   6.5325732e+03   1.0000000e+00   8.9725720e-03
   4.3558636e+00   2.1967101e+00   1.2112244e+00   7.8399993e-01   2.3249994e+01   3.1031443e-01   5.4841451e-01   6.5608263e+03   1.0000000e+00   8.8881170e-03
   4.0325146e+00   2.5488314e+00   1.3260000e+00   7.8399760e-01   2.3249869e+01   3.3565657e-01   3.6709208e-01   6.6206888e+03   1.0000000e+00   8.6482742e-03
   4.3197830e+00   2.2068878e+00   1.2364344e+00   7.8399706e-01   2.3249632e+01   3.1391814e-01   5.2492651e-01   6.5740189e+03   1.0000000e+00   8.6000692e-03
   4.1184055e+00   2.4831701e+00   1.1997980e+00   7.8399978e-01   2.3249697e+01   3.1390099e-01   5.2438557e-01   6.5762847e+03   1.0000000e+00   8.1684449e-03
   4.1079647e+00   2.5715752e+00   1.3077516e+00   7.8398697e-01   2.3250000e+01   3.0258468e-01   5.9332749e-01   6.5239505e+03   1.0000000e+00   8.0380431e-03
   4.1276280e+00   2.4972752e+00   1.1807907e+00   7.8399916e-01   2.3249997e+01   3.0702715e-01   5.6818421e-01   6.5483545e+03   1.0000000e+00   7.9961190e-03
   4.2399100e+00   2.6227582e+00   1.2936115e+00   7.8399950e-01   2.3250000e+01   3.3567971e-01   3.6883743e-01   6.6206070e+03   1.0000000e+00   7.7706681e-03
   4.3503066e+00   2.1918704e+00   1.2190452e+00   7.8400000e-01   2.3249993e+01   3.0862724e-01   5.5884101e-01   6.5537865e+03   1.0000000e+00   7.7657946e-03
   4.3502979e+00   2.1942429e+00   1.2147389e+00   7.8400000e-01   2.3249998e+01   3.0702643e-01   5.6875563e-01   6.5462430e+03   1.0000000e+00   7.5244722e-03
   4.1428206e+00   2.4586271e+00   1.1843303e+00   7.8399901e-01   2.3249995e+01   3.0702450e-01   5.6830272e-01   6.5480116e+03   1.0000000e+00   7.4898244e-03
   4.1130437e+00   2.5513794e+00   1.3155160e+00   7.8398831e-01   2.3249987e+01   3.0701151e-01   5.6670091e-01   6.5489934e+03   1.0000000e+00   7.3489034e-03
   3.9798055e+00   2.6005502e+00   1.3238426e+00   7.8399821e-01   2.3248562e+01   3.4546106e-01   3.3705886e-01   6.7537925e+03   1.0000000e+00   7.0339694e-03
   4.3560798e+00   2.2162952e+00   1.2080393e+00   7.8399995e-01   2.3249943e+01   3.0401874e-01   5.8703121e-01   6.5302865e+03   1.0000000e+00   6.9477258e-03
   4.3536418e+00   2.1988520e+00   1.2125001e+00   7.8399996e-01   2.3249973e+01   3.0260081e-01   5.9533851e-01   6.5216068e+03   1.0000000e+00   6.8964969e-03
   4.1462910e+00   2.4889455e+00   1.3079334e+00   7.8399960e-01   2.3249803e+01   3.7445537e-01   3.1599067e-01   6.8246256e+03   1.0000000e+00   6.5983294e-03
   3.9786670e+00   2.6628053e+00   1.3250845e+00   7.8399887e-01   2.3248566e+01   3.4372033e-01   3.3957980e-01   6.7317669e+03   1.0000000e+00   6.5747321e-03
   4.1148241e+00   2.5210560e+00   1.3064932e+00   7.8399982e-01   2.3249967e+01   3.1393410e-01   5.2288085e-01   6.5765567e+03   1.0000000e+00   6.5656274e-03
   4.1515505e+00   2.4200191e+00   1.2946350e+00   7.8399436e-01   2.3250000e+01   3.7425795e-01   3.1702204e-01   6.8240919e+03   1.0000000e+00   6.4083059e-03
   4.3569010e+00   2.2243784e+00   1.2144016e+00   7.8399314e-01   2.3250000e+01   3.2271987e-01   4.6538307e-01   6.5953867e+03   1.0000000e+00   6.2433121e-03
   3.9780000e+00   2.6255492e+00   1.3187653e+00   7.8399862e-01   2.3250000e+01   3.7459799e-01   3.0953321e-01   6.8275500e+03   1.0000000e+00   6.2250673e-03
   3.9814145e+00   2.6312760e+00   1.3254369e+00   7.8399834e-01   2.3248795e+01   3.4371837e-01   3.4019681e-01   6.7313215e+03   1.0000000e+00   6.0366295e-03
   4.3636242e+00   2.1012089e+00   1.1903713e+00   7.8399999e-01   2.3250000e+01   3.2273739e-01   4.6608030e-01   6.5944856e+03   1.0000000e+00   5.9417647e-03
   4.1195364e+00   2.5109400e+00   1.1998996e+00   7.8399976e-01   2.3249695e+01   3.1392820e-01   5.2432897e-01   6.5763546e+03   1.0000000e+00   5.7992196e-03
   4.1423826e+00   2.5595568e+00   1.3001942e+00   7.8399969e-01   2.3249978e+01   3.1207337e-01   5.3506315e-01   6.5703921e+03   1.0000000e+00   5.7833039e-03
   4.0281931e+00   2.5652832e+00   1.3260000e+00   7.8399762e-01   2.3249869e+01   3.3565698e-01   3.6673475e-01   6.6211939e+03   1.0000000e+00   5.6671481e-03
   3.9794378e+00   2.6194968e+00   1.3189451e+00   7.8399859e-01   2.3250000e+01   3.7459451e-01   3.1034682e-01   6.8273800e+03   1.0000000e+00   5.6431388e-03
   4.2659361e+00   2.1326109e+00   1.1960370e+00   7.8400000e-01   2.3250000e+01   3.2541010e-01   4.4625018e-01   6.5992663e+03   1.0000000e+00   5.6196872e-03
   4.2798128e+00   2.5340385e+00   1.3211204e+00   7.8399983e-01   2.3249947e+01   3.1592107e-01   5.1012534e-01   6.5830284e+03   1.0000000e+00   5.6141943e-03
   4.1328042e+00   2.5762490e+00   1.3069543e+00   7.8399971e-01   2.3249979e+01   3.1207756e-01   5.3495891e-01   6.5705686e+03   1.0000000e+00   5.4308838e-03
   4.1114592e+00   2.5915059e+00   1.3128458e+00   7.8399965e-01   2.3247944e+01   3.3921337e-01   3.5445617e-01   6.6344541e+03   1.0000000e+00   5.3983992e-03
   4.1038787e+00   2.5226278e+00   1.1997771e+00   7.8399992e-01   2.3249967e+01   3.1207614e-01   5.3621422e-01   6.5699826e+03   1.0000000e+00   5.2772284e-03
   3.9780000e+00   2.6463298e+00   1.3256727e+00   7.8399898e-01   2.3249987e+01   3.7380243e-01   3.0937436e-01   6.8284966e+03   1.0000000e+00   5.2101660e-03
   4.0294237e+00   2.5758461e+00   1.3237596e+00   7.8399797e-01   2.3249144e+01   3.3925157e-01   3.5327249e-01   6.6345526e+03   1.0000000e+00   5.1897847e-03
   3.9970869e+00   2.6422501e+00   1.3260000e+00   7.8399763e-01   2.3250000e+01   3.3567472e-01   3.6484437e-01   6.6220916e+03   1.0000000e+00   5.1470490e-03
   3.9834549e+00   2.6654022e+00   1.3243896e+00   7.8399982e-01   2.3249847e+01   3.1207453e-01   5.3416841e-01   6.5713068e+03   1.0000000e+00   5.1230056e-03
   4.2780045e+00   2.2036591e+00   1.2163812e+00   7.8399292e-01   2.3249984e+01   3.2027022e-01   4.8227722e-01   6.5901490e+03   1.0000000e+00   5.0660117e-03
   3.9865625e+00   2.6430071e+00   1.3201735e+00   7.8399689e-01   2.3246360e+01   3.4021740e-01   3.4883192e-01   6.6599542e+03   1.0000000e+00   4.8553411e-03
   3.9894138e+00   2.6576352e+00   1.3242535e+00   7.8399995e-01   2.3241638e+01   3.4912416e-01   3.2906871e-01   6.8039452e+03   1.0000000e+00   4.8461086e-03
   4.3012621e+00   2.0851904e+00   1.1843839e+00   7.8399972e-01   2.3250000e+01   3.2029056e-01   4.8295443e-01   6.5893591e+03   1.0000000e+00   4.8391567e-03
   4.2619914e+00   2.1596311e+00   1.2533696e+00   7.8399999e-01   2.3249729e+01   3.7436624e-01   3.2108239e-01   6.8212438e+03   1.0000000e+00   4.8374670e-03
   4.3514262e+00   2.2018531e+00   1.2131122e+00   7.8399955e-01   2.3249983e+01   3.2836649e-01   4.2459691e-01   6.6047720e+03   1.0000000e+00   4.8205262e-03
   4.0061683e+00   2.6052165e+00   1.3002949e+00   7.8399879e-01   2.3248321e+01   3.4250094e-01   3.4415527e-01   6.7064147e+03   1.0000000e+00   4.8006451e-03
   3.9780000e+00   2.6198998e+00   1.3099193e+00   7.8399879e-01   2.3248371e+01   3.4250021e-01   3.4363572e-01   6.7066962e+03   1.0000000e+00   4.7114404e-03
   4.2235801e+00   2.2055481e+00   1.2739003e+00   7.8399799e-01   2.3250000e+01   3.7449998e-01   3.2008999e-01   6.8216417e+03   1.0000000e+00   4.7077265e-03
   3.9780000e+00   2.6680000e+00   1.3222835e+00   7.8399887e-01   2.3219187e+01   3.7563997e-01   3.0786912e-01   6.8495350e+03   1.0000000e+00   4.6506658e-03
   4.0183711e+00   2.5211804e+00   1.3260000e+00   7.8399991e-01   2.3250000e+01   3.7394300e-01   3.1328743e-01   6.8264201e+03   1.0000000e+00   4.6016709e-03
   3.9896371e+00   2.5764311e+00   1.3032823e+00   7.8399876e-01   2.3248552e+01   3.4546186e-01   3.3812985e-01   6.7536941e+03   1.0000000e+00   4.5494335e-03
   4.0115949e+00   2.6076493e+00   1.2940097e+00   7.8399878e-01   2.3248310e+01   3.4371351e-01   3.4167770e-01   6.7309311e+03   1.0000000e+00   4.4778179e-03
   4.2454101e+00   2.1616830e+00   1.2525013e+00   7.8400000e-01   2.3249742e+01   3.7422657e-01   3.2093049e-01   6.8214062e+03   1.0000000e+00   4.4001850e-03
   4.2920537e+00   2.3096371e+00   1.2361984e+00   7.8399909e-01   2.3249913e+01   3.3928405e-01   3.5921236e-01   6.6306476e+03   1.0000000e+00   4.3867902e-03
   4.3579756e+00   2.1913088e+00   1.1912172e+00   7.8399997e-01   2.3250000e+01   3.3568043e-01   3.7397742e-01   6.6146713e+03   1.0000000e+00   4.3407027e-03
   4.2569116e+00   2.0680000e+00   1.1957646e+00   7.8399993e-01   2.3249975e+01   3.2837389e-01   4.2486429e-01   6.6038660e+03   1.0000000e+00   4.2590213e-03
   3.9780000e+00   2.6680000e+00   1.3239855e+00   7.8399704e-01   2.3247127e+01   3.4127170e-01   3.4536980e-01   6.6842135e+03   1.0000000e+00   4.1820920e-03
   3.9780000e+00   2.6181768e+00   1.3234492e+00   7.8399798e-01   2.3248578e+01   3.4546442e-01   3.3659026e-01   6.7543903e+03   1.0000000e+00   4.1722112e-03
   4.0162744e+00   2.5863674e+00   1.3218997e+00   7.8399764e-01   2.3249959e+01   3.3566911e-01   3.6608572e-01   6.6215500e+03   1.0000000e+00   4.1567718e-03
   3.9950339e+00   2.6107502e+00   1.3205369e+00   7.8398931e-01   2.3248636e+01   3.4027539e-01   3.4932470e-01   6.6596162e+03   1.0000000e+00   4.0601770e-03
   3.9857872e+00   2.6661299e+00   1.3218714e+00   7.8399995e-01   2.3241410e+01   3.4689711e-01   3.3273792e-01   6.7785079e+03   1.0000000e+00   3.9271021e-03
   4.1712243e+00   2.3719278e+00   1.2867521e+00   7.8399265e-01   2.3249992e+01   3.7414608e-01   3.1776138e-01   6.8234161e+03   1.0000000e+00   3.8937551e-03
   3.9780000e+00   2.6585186e+00   1.3260000e+00   7.8399999e-01   2.3237681e+01   3.4877462e-01   3.2940308e-01   6.8034573e+03   1.0000000e+00   3.8904960e-03
   4.3550715e+00   2.2387402e+00   1.2155545e+00   7.8399994e-01   2.3249978e+01   3.2540944e-01   4.4605130e-01   6.6001445e+03   1.0000000e+00   3.8837706e-03
   4.1751911e+00   2.3462629e+00   1.2869430e+00   7.8399381e-01   2.3249994e+01   3.7440609e-01   3.1810834e-01   6.8228483e+03   1.0000000e+00   3.8510120e-03
   3.9880988e+00   2.6680000e+00   1.3260000e+00   7.8399895e-01   2.3249971e+01   3.7459557e-01   3.0880257e-01   6.8285914e+03   1.0000000e+00   3.8162093e-03
   3.9780000e+00   2.5536116e+00   1.3260000e+00   7.8399909e-01   2.3250000e+01   3.7442123e-01   3.1157607e-01   6.8269011e+03   1.0000000e+00   3.7724184e-03
   4.1114007e+00   2.6218866e+00   1.3088565e+00   7.8397047e-01   2.3249907e+01   3.1587403e-01   5.0995989e-01   6.5838367e+03   1.0000000e+00   3.7613899e-03
   3.9910932e+00   2.6667814e+00   1.3225606e+00   7.8399697e-01   2.3246184e+01   3.4021245e-01   3.4833166e-01   6.6601862e+03   1.0000000e+00   3.7431587e-03
   4.3577524e+00   2.3276201e+00   1.2408445e+00   7.8399906e-01   2.3249756e+01   3.3926528e-01   3.5972504e-01   6.6302923e+03   1.0000000e+00   3.7407102e-03
   3.9892359e+00   2.6680000e+00   1.3259990e+00   7.8399782e-01   2.3249739e+01   3.3564114e-01   3.6440846e-01   6.6227347e+03   1.0000000e+00   3.7394411e-03
   3.9780000e+00   2.5552872e+00   1.3184474e+00   7.8399864e-01   2.3249926e+01   3.7448521e-01   3.1174985e-01   6.8266815e+03   1.0000000e+00   3.6372787e-03
   3.9951847e+00   2.6089538e+00   1.3220027e+00   7.8399775e-01   2.3248228e+01   3.3923381e-01   3.5247532e-01   6.6351238e+03   1.0000000e+00   3.5906769e-03
   4.3189423e+00   2.1377599e+00   1.1750136e+00   7.8399970e-01   2.3249999e+01   3.1592432e-01   5.1264010e-01   6.5790938e+03   1.0000000e+00   3.5821995e-03
   4.3427667e+00   2.2023025e+00   1.2407851e+00   7.8399892e-01   2.3249739e+01   3.3925553e-01   3.6048665e-01   6.6291452e+03   1.0000000e+00   3.5548920e-03
   3.9796710e+00   2.6246904e+00   1.3235824e+00   7.8399783e-01   2.3248159e+01   3.4130724e-01   3.4648546e-01   6.6837655e+03   1.0000000e+00   3.5417151e-03
   4.2311021e+00   2.2492980e+00   1.2761992e+00   7.8399807e-01   2.3249993e+01   3.7454759e-01   3.1979491e-01   6.8217372e+03   1.0000000e+00   3.5279304e-03
   4.3579691e+00   2.1881932e+00   1.2066146e+00   7.8400000e-01   2.3250000e+01   3.0549356e-01   5.7823820e-01   6.5382830e+03   1.0000000e+00   3.5232684e-03
   3.9784526e+00   2.6652001e+00   1.3230599e+00   7.8399801e-01   2.3235640e+01   3.4656894e-01   3.3317477e-01   6.7777607e+03   1.0000000e+00   3.5109746e-03
   4.3294057e+00   2.0815651e+00   1.1999305e+00   7.8399994e-01   2.3249985e+01   3.2540775e-01   4.4686785e-01   6.5990577e+03   1.0000000e+00   3.5086790e-03
   3.9827827e+00   2.6680000e+00   1.3112397e+00   7.8399996e-01   2.3221528e+01   3.7654838e-01   3.0815626e-01   6.8491367e+03   1.0000000e+00   3.5070880e-03
   3.9780000e+00   2.6678776e+00   1.3231617e+00   7.8399786e-01   2.3249797e+01   3.3928554e-01   3.5051774e-01   6.6362213e+03   1.0000000e+00   3.4594083e-03
   3.9780000e+00   2.6613591e+00   1.3243538e+00   7.8399716e-01   2.3247413e+01   3.3920171e-01   3.5076731e-01   6.6360495e+03   1.0000000e+00   3.4555826e-03
   3.9811105e+00   2.6002240e+00   1.3257352e+00   7.8399992e-01   2.3236207e+01   3.4863507e-01   3.3140275e-01   6.8022487e+03   1.0000000e+00   3.4551383e-03
   4.3118174e+00   2.2150799e+00   1.2072769e+00   7.8399934e-01   2.3249982e+01   3.3562175e-01   3.7363524e-01   6.6150570e+03   1.0000000e+00   3.4217249e-03
   3.9958985e+00   2.5538084e+00   1.3260000e+00   7.8399858e-01   2.3250000e+01   3.7460659e-01   3.1240593e-01   6.8265069e+03   1.0000000e+00   3.4103201e-03
   3.9794610e+00   2.6665928e+00   1.3107584e+00   7.8399999e-01   2.3222862e+01   3.7741348e-01   3.0827114e-01   6.8487188e+03   1.0000000e+00   3.3660053e-03
   4.1105814e+00   2.5598159e+00   1.3141542e+00   7.8399920e-01   2.3247679e+01   3.3921305e-01   3.5479970e-01   6.6338570e+03   1.0000000e+00   3.3541677e-03
   3.9780791e+00   2.6677496e+00   1.3253301e+00   7.8399845e-01   2.3248732e+01   3.4372879e-01   3.3909419e-01   6.7324040e+03   1.0000000e+00   3.3273134e-03
   3.9831721e+00   2.6422636e+00   1.3140531e+00   7.8399780e-01   2.3249689e+01   3.3928215e-01   3.5134392e-01   6.6358023e+03   1.0000000e+00   3.2875702e-03
   4.3531471e+00   2.1249325e+00   1.2070438e+00   7.8399999e-01   2.3249666e+01   3.3563830e-01   3.7452423e-01   6.6141492e+03   1.0000000e+00   3.2771617e-03
   3.9780113e+00   2.6275250e+00   1.3219895e+00   7.8399909e-01   2.3250000e+01   3.4555472e-01   3.3637396e-01   6.7544983e+03   1.0000000e+00   3.2723572e-03
   3.9957035e+00   2.6072369e+00   1.3148113e+00   7.8399784e-01   2.3248068e+01   3.3922436e-01   3.5267792e-01   6.6350236e+03   1.0000000e+00   3.2649189e-03
   3.9960767e+00   2.6192859e+00   1.3254689e+00   7.8399839e-01   2.3248552e+01   3.4371612e-01   3.4099458e-01   6.7311506e+03   1.0000000e+00   3.2507509e-03
   4.0126768e+00   2.5663671e+00   1.3232479e+00   7.8399782e-01   2.3249254e+01   3.3926808e-01   3.5310175e-01   6.6346875e+03   1.0000000e+00   3.2487993e-03
   4.1403693e+00   2.5373127e+00   1.3060566e+00   7.8399975e-01   2.3247316e+01   3.3918438e-01   3.5566523e-01   6.6333352e+03   1.0000000e+00   3.2462734e-03
   3.9811170e+00   2.6679936e+00   1.3174751e+00   7.8399999e-01   2.3246491e+01   3.4950099e-01   3.2843690e-01   6.8041101e+03   1.0000000e+00   3.2282366e-03
   4.3628163e+00   2.1240539e+00   1.2069072e+00   7.8399998e-01   2.3249656e+01   3.3563795e-01   3.7443920e-01   6.6144399e+03   1.0000000e+00   3.2218605e-03
   3.9868883e+00   2.6178177e+00   1.3252595e+00   7.8399998e-01   2.3250000e+01   3.0862989e-01   5.5604217e-01   6.5568378e+03   1.0000000e+00   3.2194476e-03
   3.9783457e+00   2.6654009e+00   1.3241015e+00   7.8399997e-01   2.3233041e+01   3.4643770e-01   3.3337742e-01   6.7773545e+03   1.0000000e+00   3.1969938e-03
   4.0508891e+00   2.5008830e+00   1.3056287e+00   7.8399993e-01   2.3249961e+01   3.2028961e-01   4.7910264e-01   6.5933110e+03   1.0000000e+00   3.1621721e-03
   3.9784920e+00   2.6030320e+00   1.3239587e+00   7.8399818e-01   2.3248592e+01   3.4359585e-01   3.4097584e-01   6.7312652e+03   1.0000000e+00   3.1450772e-03
   4.1207267e+00   2.5684017e+00   1.3077730e+00   7.8399983e-01   2.3249969e+01   3.1394048e-01   5.2280499e-01   6.5768930e+03   1.0000000e+00   3.1401407e-03
   3.9791371e+00   2.6530526e+00   1.3223739e+00   7.8399834e-01   2.3248535e+01   3.4545898e-01   3.3603508e-01   6.7549208e+03   1.0000000e+00   3.0912333e-03
   4.1604271e+00   2.4033018e+00   1.2863800e+00   7.8399342e-01   2.3249928e+01   3.7407269e-01   3.1727876e-01   6.8238443e+03   1.0000000e+00   3.0503124e-03
   3.9785953e+00   2.6634830e+00   1.3244985e+00   7.8399993e-01   2.3231747e+01   3.4619097e-01   3.3382440e-01   6.7773542e+03   1.0000000e+00   3.0281514e-03
   4.1358744e+00   2.4965776e+00   1.3184677e+00   7.8399933e-01   2.3249836e+01   3.7434760e-01   3.1574577e-01   6.8249605e+03   1.0000000e+00   2.9792100e-03
   4.3395003e+00   2.1132260e+00   1.1979106e+00   7.8399963e-01   2.3249914e+01   3.3172885e-01   3.9993863e-01   6.6102001e+03   1.0000000e+00   2.9758897e-03
   4.0977911e+00   2.5463175e+00   1.3076124e+00   7.8399995e-01   2.3249942e+01   3.7455142e-01   3.1458433e-01   6.8256648e+03   1.0000000e+00   2.9675488e-03
   3.9868686e+00   2.5842804e+00   1.3260000e+00   7.8399837e-01   2.3249998e+01   3.7454242e-01   3.1104906e-01   6.8272151e+03   1.0000000e+00   2.9662706e-03
   3.9780000e+00   2.6276361e+00   1.3046810e+00   7.8400000e-01   2.3250000e+01   3.3929464e-01   3.5188526e-01   6.6354148e+03   1.0000000e+00   2.9658591e-03
   4.3507461e+00   2.1684361e+00   1.2215545e+00   7.8399696e-01   2.3249652e+01   3.1392271e-01   5.2548442e-01   6.5738291e+03   1.0000000e+00   2.9611913e-03
   4.0023034e+00   2.5722233e+00   1.2999255e+00   7.8399867e-01   2.3248530e+01   3.4544683e-01   3.3824884e-01   6.7535913e+03   1.0000000e+00   2.9468474e-03
   4.2217688e+00   2.5949157e+00   1.2937674e+00   7.8399992e-01   2.3249990e+01   3.3568149e-01   3.6895346e-01   6.6201256e+03   1.0000000e+00   2.9397377e-03
   3.9842362e+00   2.6659497e+00   1.3212733e+00   7.8399998e-01   2.3245074e+01   3.4710005e-01   3.3237860e-01   6.7789847e+03   1.0000000e+00   2.9380255e-03
   3.9786821e+00   2.6063932e+00   1.3022781e+00   7.8399892e-01   2.3246257e+01   3.4124623e-01   3.4687608e-01   6.6833272e+03   1.0000000e+00   2.9349369e-03
   3.9780000e+00   2.6064252e+00   1.3017804e+00   7.8399884e-01   2.3246320e+01   3.4019407e-01   3.4958525e-01   6.6593787e+03   1.0000000e+00   2.9289159e-03
   4.0537881e+00   2.5316595e+00   1.3190449e+00   7.8399992e-01   2.3249550e+01   3.7426126e-01   3.1383159e-01   6.8257050e+03   1.0000000e+00   2.9288494e-03
   3.9780000e+00   2.6293230e+00   1.3260000e+00   7.8399995e-01   2.3237846e+01   3.4876719e-01   3.3004253e-01   6.8030319e+03   1.0000000e+00   2.9218528e-03
   4.0072641e+00   2.5438260e+00   1.3095984e+00   7.8399972e-01   2.3249963e+01   3.2027839e-01   4.7895442e-01   6.5937350e+03   1.0000000e+00   2.9140166e-03
   4.3400483e+00   2.1252982e+00   1.2195343e+00   7.8399604e-01   2.3250000e+01   3.1207358e-01   5.3748048e-01   6.5672603e+03   1.0000000e+00   2.9010548e-03
   4.3606181e+00   2.1478683e+00   1.2140042e+00   7.8400000e-01   2.3247368e+01   3.3920004e-01   3.6146376e-01   6.6285363e+03   1.0000000e+00   2.8640925e-03
   4.3618063e+00   2.1675099e+00   1.2131072e+00   7.8399572e-01   2.3249646e+01   3.1798446e-01   4.9841104e-01   6.5851172e+03   1.0000000e+00   2.8558583e-03
   4.0893585e+00   2.5161348e+00   1.3067064e+00   7.8400000e-01   2.3249889e+01   3.7439709e-01   3.1495865e-01   6.8254367e+03   1.0000000e+00   2.8558508e-03
   4.3228247e+00   2.1241077e+00   1.2025930e+00   7.8399919e-01   2.3250000e+01   3.0863086e-01   5.5917678e-01   6.5532631e+03   1.0000000e+00   2.8555473e-03
   3.9780000e+00   2.6095345e+00   1.3260000e+00   7.8399775e-01   2.3249756e+01   3.3562955e-01   3.6532786e-01   6.6219594e+03   1.0000000e+00   2.8482885e-03
   3.9780000e+00   2.6222768e+00   1.3259994e+00   7.8399998e-01   2.3237206e+01   3.4872975e-01   3.3071864e-01   6.8028232e+03   1.0000000e+00   2.8465626e-03
   4.2385901e+00   2.5662050e+00   1.2935603e+00   7.8400000e-01   2.3249989e+01   3.3568079e-01   3.6912158e-01   6.6198550e+03   1.0000000e+00   2.8461715e-03
   3.9780941e+00   2.6328329e+00   1.3190883e+00   7.8399998e-01   2.3237679e+01   3.4867622e-01   3.3033397e-01   6.8028746e+03   1.0000000e+00   2.8336497e-03
   4.3821876e+00   2.1089888e+00   1.2025351e+00   7.8399977e-01   2.3250000e+01   3.0260224e-01   5.9575812e-01   6.5212398e+03   1.0000000e+00   2.8270334e-03
   4.1009098e+00   2.6398174e+00   1.3260000e+00   7.8398865e-01   2.3249998e+01   3.0259223e-01   5.9307895e-01   6.5245304e+03   1.0000000e+00   2.8263300e-03
   4.3639754e+00   2.1875849e+00   1.1859786e+00   7.8399983e-01   2.3249996e+01   3.0123895e-01   6.0357356e-01   6.5125665e+03   1.0000000e+00   2.8215619e-03
   4.3092373e+00   2.1165655e+00   1.2006764e+00   7.8399974e-01   2.3249915e+01   3.3172551e-01   3.9962690e-01   6.6104485e+03   1.0000000e+00   2.8095464e-03
   4.3472467e+00   2.1446439e+00   1.2310626e+00   7.8399899e-01   2.3249888e+01   3.3927001e-01   3.6098004e-01   6.6288586e+03   1.0000000e+00   2.8082533e-03
   3.9862130e+00   2.5839842e+00   1.3260000e+00   7.8399835e-01   2.3250000e+01   3.7432938e-01   3.1103196e-01   6.8273297e+03   1.0000000e+00   2.8062465e-03
   4.3678539e+00   2.1937678e+00   1.2079816e+00   7.8400000e-01   2.3249941e+01   3.0401870e-01   5.8709954e-01   6.5301639e+03   1.0000000e+00   2.8009769e-03
   4.0046446e+00   2.6039690e+00   1.3042615e+00   7.8399887e-01   2.3246344e+01   3.4122000e-01   3.4725884e-01   6.6831673e+03   1.0000000e+00   2.7886748e-03
   3.9919806e+00   2.5987569e+00   1.3259636e+00   7.8399765e-01   2.3249864e+01   3.3565258e-01   3.6588936e-01   6.6216880e+03   1.0000000e+00   2.7710892e-03
   3.9780000e+00   2.5924272e+00   1.3242662e+00   7.8399988e-01   2.3238907e+01   3.4889435e-01   3.3103202e-01   6.8026890e+03   1.0000000e+00   2.7680468e-03
   3.9780000e+00   2.6675044e+00   1.3102806e+00   7.8399983e-01   2.3225092e+01   3.7823309e-01   3.0843022e-01   6.8482098e+03   1.0000000e+00   2.7635286e-03
   4.1311015e+00   2.5433946e+00   1.3034503e+00   7.8399969e-01   2.3247320e+01   3.3919805e-01   3.5522196e-01   6.6337295e+03   1.0000000e+00   2.7598492e-03
   3.9804357e+00   2.6304208e+00   1.3046754e+00   7.8400000e-01   2.3250000e+01   3.3929535e-01   3.5190008e-01   6.6353894e+03   1.0000000e+00   2.7594405e-03
   4.1628981e+00   2.4027529e+00   1.2870002e+00   7.8399323e-01   2.3249996e+01   3.7375426e-01   3.1756281e-01   6.8236272e+03   1.0000000e+00   2.7579813e-03
   4.1350518e+00   2.5891861e+00   1.3131816e+00   7.8399957e-01   2.3247723e+01   3.3921862e-01   3.5470235e-01   6.6343368e+03   1.0000000e+00   2.7325963e-03
   3.9792339e+00   2.6592018e+00   1.3218611e+00   7.8399910e-01   2.3250000e+01   3.4554550e-01   3.3583002e-01   6.7549745e+03   1.0000000e+00   2.7187309e-03
   4.0005097e+00   2.5712577e+00   1.2996591e+00   7.8399877e-01   2.3248482e+01   3.4250621e-01   3.4458178e-01   6.7060867e+03   1.0000000e+00   2.6862427e-03
   3.9958392e+00   2.5535762e+00   1.3258824e+00   7.8399859e-01   2.3250000e+01   3.7449378e-01   3.1240464e-01   6.8265828e+03   1.0000000e+00   2.6758606e-03
   3.9780000e+00   2.6680000e+00   1.3212196e+00   7.8399694e-01   2.3247242e+01   3.4024414e-01   3.4808120e-01   6.6604127e+03   1.0000000e+00   2.6692180e-03
   4.2221383e+00   2.2826577e+00   1.2755616e+00   7.8399861e-01   2.3250000e+01   3.7447731e-01   3.1934822e-01   6.8220300e+03   1.0000000e+00   2.6651290e-03
   3.9781066e+00   2.6243493e+00   1.3231336e+00   7.8399791e-01   2.3248146e+01   3.4131562e-01   3.4593850e-01   6.6839869e+03   1.0000000e+00   2.6593353e-03
   4.1155978e+00   2.5016193e+00   1.3186572e+00   7.8399934e-01   2.3249972e+01   3.7450847e-01   3.1510412e-01   6.8251259e+03   1.0000000e+00   2.6427162e-03
   3.9780000e+00   2.6633677e+00   1.3208258e+00   7.8399468e-01   2.3249975e+01   3.4032453e-01   3.4791060e-01   6.6606597e+03   1.0000000e+00   2.6369110e-03
   3.9798911e+00   2.6679389e+00   1.3207755e+00   7.8399996e-01   2.3245956e+01   3.4716457e-01   3.3219866e-01   6.7791158e+03   1.0000000e+00   2.6365505e-03
   4.3540487e+00   2.1248649e+00   1.1945306e+00   7.8399506e-01   2.3250000e+01   3.0548417e-01   5.7854045e-01   6.5380076e+03   1.0000000e+00   2.6343194e-03
   4.3437637e+00   2.0839172e+00   1.2045147e+00   7.8399998e-01   2.3249936e+01   3.0401673e-01   5.8735395e-01   6.5296367e+03   1.0000000e+00   2.6117477e-03
   4.0006847e+00   2.6132979e+00   1.3251451e+00   7.8399764e-01   2.3249893e+01   3.3565495e-01   3.6548054e-01   6.6218260e+03   1.0000000e+00   2.6115121e-03
   4.0828576e+00   2.6244576e+00   1.3237756e+00   7.8397301e-01   2.3249892e+01   3.1587604e-01   5.0960591e-01   6.5840235e+03   1.0000000e+00   2.6044308e-03
   4.1404497e+00   2.5009253e+00   1.3189015e+00   7.8399909e-01   2.3249978e+01   3.7459108e-01   3.1540183e-01   6.8250016e+03   1.0000000e+00   2.6029094e-03
   4.3681565e+00   2.1394669e+00   1.2036971e+00   7.8399926e-01   2.3250000e+01   3.0702930e-01   5.6914869e-01   6.5459655e+03   1.0000000e+00   2.5994699e-03
   3.9780000e+00   2.6503983e+00   1.3132458e+00   7.8399773e-01   2.3249670e+01   3.3928070e-01   3.5124571e-01   6.6358429e+03   1.0000000e+00   2.5986864e-03
   3.9807585e+00   2.6680000e+00   1.3172550e+00   7.8399999e-01   2.3246135e+01   3.4948204e-01   3.2846675e-01   6.8040965e+03   1.0000000e+00   2.5683888e-03
   4.1424152e+00   2.5416794e+00   1.3059792e+00   7.8399967e-01   2.3247214e+01   3.3920007e-01   3.5529328e-01   6.6334421e+03   1.0000000e+00   2.5356625e-03
   3.9813383e+00   2.5695059e+00   1.3259800e+00   7.8399978e-01   2.3236921e+01   3.4869772e-01   3.3180332e-01   6.8018512e+03   1.0000000e+00   2.5227144e-03
   4.3368321e+00   2.2682032e+00   1.2309596e+00   7.8399895e-01   2.3249930e+01   3.3925929e-01   3.5999593e-01   6.6298655e+03   1.0000000e+00   2.5207893e-03
   4.3325503e+00   2.1736691e+00   1.2110428e+00   7.8399906e-01   2.3249993e+01   3.0863270e-01   5.5897723e-01   6.5535291e+03   1.0000000e+00   2.5123200e-03
   3.9780000e+00   2.6663260e+00   1.3230114e+00   7.8399876e-01   2.3248657e+01   3.4251426e-01   3.4228318e-01   6.7081110e+03   1.0000000e+00   2.5086158e-03
   4.1859917e+00   2.2923342e+00   1.2865659e+00   7.8399814e-01   2.3249888e+01   3.7442286e-01   3.1883683e-01   6.8221698e+03   1.0000000e+00   2.5066374e-03
   4.3456998e+00   2.2310531e+00   1.2051389e+00   7.8399957e-01   2.3249981e+01   3.2836534e-01   4.2443831e-01   6.6051503e+03   1.0000000e+00   2.4844381e-03
   4.3414851e+00   2.1627016e+00   1.1975884e+00   7.8399961e-01   2.3249917e+01   3.3171168e-01   3.9955569e-01   6.6107758e+03   1.0000000e+00   2.4821214e-03
   3.9795330e+00   2.6632871e+00   1.3216185e+00   7.8399830e-01   2.3248549e+01   3.4544141e-01   3.3541249e-01   6.7551546e+03   1.0000000e+00   2.4781090e-03
   3.9922515e+00   2.6070183e+00   1.3233219e+00   7.8399788e-01   2.3248169e+01   3.4131350e-01   3.4657673e-01   6.6834068e+03   1.0000000e+00   2.4737341e-03
   3.9853856e+00   2.6680000e+00   1.3206952e+00   7.8399994e-01   2.3241618e+01   3.4693319e-01   3.3268556e-01   6.7786246e+03   1.0000000e+00   2.4691533e-03
   3.9916694e+00   2.6316414e+00   1.3260000e+00   7.8399852e-01   2.3248672e+01   3.4250360e-01   3.4303250e-01   6.7073858e+03   1.0000000e+00   2.4676723e-03
   4.3983742e+00   2.1170803e+00   1.2066863e+00   7.8399584e-01   2.3249775e+01   3.1392578e-01   5.2590741e-01   6.5735709e+03   1.0000000e+00   2.4351641e-03
   3.9795986e+00   2.6262892e+00   1.3235677e+00   7.8399786e-01   2.3248202e+01   3.4130710e-01   3.4595831e-01   6.6839585e+03   1.0000000e+00   2.4306100e-03
   4.3418874e+00   2.2256745e+00   1.2393918e+00   7.8399892e-01   2.3249718e+01   3.3925519e-01   3.6026753e-01   6.6296233e+03   1.0000000e+00   2.4208464e-03
   4.0133192e+00   2.6680000e+00   1.3190669e+00   7.8399999e-01   2.3248542e+01   3.4250950e-01   3.4289801e-01   6.7075463e+03   1.0000000e+00   2.4139914e-03
   3.9790732e+00   2.5989585e+00   1.3259986e+00   7.8400000e-01   2.3237619e+01   3.4876891e-01   3.3116034e-01   6.8023385e+03   1.0000000e+00   2.4117393e-03
   4.1772501e+00   2.2956175e+00   1.2846255e+00   7.8399795e-01   2.3249933e+01   3.7439032e-01   3.1876679e-01   6.8223824e+03   1.0000000e+00   2.3927082e-03
   4.3409875e+00   2.2040132e+00   1.2303182e+00   7.8399712e-01   2.3249649e+01   3.1392201e-01   5.2513770e-01   6.5739834e+03   1.0000000e+00   2.3844305e-03
   4.3356442e+00   2.1716824e+00   1.2104136e+00   7.8399895e-01   2.3249989e+01   3.0259324e-01   5.9548275e-01   6.5215227e+03   1.0000000e+00   2.3839151e-03
   4.0985830e+00   2.6127001e+00   1.3142786e+00   7.8398835e-01   2.3250000e+01   3.0259249e-01   5.9326760e-01   6.5243528e+03   1.0000000e+00   2.3664390e-03
   4.0641646e+00   2.4722384e+00   1.3043240e+00   7.8400000e-01   2.3249997e+01   3.2029147e-01   4.7936594e-01   6.5930620e+03   1.0000000e+00   2.3655556e-03
   4.3583038e+00   2.1467633e+00   1.2310836e+00   7.8399900e-01   2.3249840e+01   3.3927903e-01   3.6102223e-01   6.6287657e+03   1.0000000e+00   2.3620736e-03
   4.0047974e+00   2.6027296e+00   1.3040488e+00   7.8399878e-01   2.3248613e+01   3.4132706e-01   3.4746753e-01   6.6830269e+03   1.0000000e+00   2.3487473e-03
   4.3659136e+00   2.0925642e+00   1.2190824e+00   7.8399683e-01   2.3250000e+01   3.1802561e-01   4.9842839e-01   6.5845530e+03   1.0000000e+00   2.3116174e-03
   4.3453249e+00   2.2004009e+00   1.2031030e+00   7.8399998e-01   2.3249999e+01   3.3172348e-01   3.9934318e-01   6.6110272e+03   1.0000000e+00   2.3041385e-03
   3.9780000e+00   2.6679231e+00   1.3253310e+00   7.8399846e-01   2.3248743e+01   3.4372869e-01   3.3909197e-01   6.7324047e+03   1.0000000e+00   2.2927415e-03
   3.9867080e+00   2.5723101e+00   1.2941664e+00   7.8399860e-01   2.3248353e+01   3.4369553e-01   3.4188914e-01   6.7305976e+03   1.0000000e+00   2.2896464e-03
   4.1771995e+00   2.2971508e+00   1.2845405e+00   7.8399799e-01   2.3249933e+01   3.7437832e-01   3.1854122e-01   6.8226993e+03   1.0000000e+00   2.2669655e-03
   3.9780518e+00   2.6211813e+00   1.3099908e+00   7.8399880e-01   2.3248257e+01   3.4250011e-01   3.4310780e-01   6.7068602e+03   1.0000000e+00   2.2627318e-03
   3.9790690e+00   2.6680000e+00   1.3235581e+00   7.8399790e-01   2.3249935e+01   3.3929074e-01   3.5050489e-01   6.6370267e+03   1.0000000e+00   2.2502261e-03
   4.0865675e+00   2.5610195e+00   1.3134339e+00   7.8399927e-01   2.3249988e+01   3.0548812e-01   5.7588134e-01   6.5409514e+03   1.0000000e+00   2.1920693e-03
   4.1145203e+00   2.5705462e+00   1.3170903e+00   7.8398860e-01   2.3250000e+01   3.0701222e-01   5.6656243e-01   6.5490649e+03   1.0000000e+00   2.1191954e-03
   4.2805166e+00   2.5350432e+00   1.3246270e+00   7.8399936e-01   2.3249945e+01   3.1592038e-01   5.1007617e-01   6.5831983e+03   1.0000000e+00   2.1117889e-03
   4.4046163e+00   2.1376682e+00   1.2070131e+00   7.8399573e-01   2.3249761e+01   3.1392040e-01   5.2577370e-01   6.5736748e+03   1.0000000e+00   2.1086382e-03
   4.3079558e+00   2.1643855e+00   1.2236222e+00   7.8399999e-01   2.3249993e+01   3.1207196e-01   5.3710345e-01   6.5672725e+03   1.0000000e+00   2.1021803e-03
   3.9780058e+00   2.6680000e+00   1.3205469e+00   7.8399989e-01   2.3248507e+01   3.4729510e-01   3.3195067e-01   6.7794370e+03   1.0000000e+00   2.1014301e-03
   4.2154461e+00   2.2829581e+00   1.2759307e+00   7.8399860e-01   2.3250000e+01   3.7431982e-01   3.1926675e-01   6.8220718e+03   1.0000000e+00   2.0957544e-03
   4.3602544e+00   2.1475442e+00   1.2135892e+00   7.8400000e-01   2.3247384e+01   3.3920367e-01   3.6146326e-01   6.6285814e+03   1.0000000e+00   2.0957329e-03
   3.9780000e+00   2.5630219e+00   1.3024376e+00   7.8399970e-01   2.3249947e+01   3.2028749e-01   4.7861886e-01   6.5937970e+03   1.0000000e+00   2.0678884e-03
   4.3640276e+00   2.1340668e+00   1.2166701e+00   7.8399926e-01   2.3250000e+01   3.0702103e-01   5.6903921e-01   6.5460987e+03   1.0000000e+00   2.0583651e-03
   4.0208156e+00   2.5249079e+00   1.3189126e+00   7.8399998e-01   2.3250000e+01   3.7430730e-01   3.1346835e-01   6.8259620e+03   1.0000000e+00   2.0454571e-03
   4.3588228e+00   2.2919201e+00   1.2316758e+00   7.8399904e-01   2.3249837e+01   3.3928136e-01   3.5986946e-01   6.6300700e+03   1.0000000e+00   2.0387395e-03
   4.3504158e+00   2.0680000e+00   1.2093746e+00   7.8399959e-01   2.3249958e+01   3.0123553e-01   6.0367898e-01   6.5121428e+03   1.0000000e+00   2.0309664e-03
   4.3288329e+00   2.2355994e+00   1.2164748e+00   7.8399935e-01   2.3250000e+01   3.0549248e-01   5.7794952e-01   6.5385875e+03   1.0000000e+00   2.0264844e-03
   4.3654001e+00   2.0680000e+00   1.1879085e+00   7.8399970e-01   2.3249997e+01   3.2273578e-01   4.6635754e-01   6.5943802e+03   1.0000000e+00   2.0238910e-03
   4.3561883e+00   2.2037101e+00   1.2398271e+00   7.8399887e-01   2.3249753e+01   3.3928030e-01   3.6036207e-01   6.6294158e+03   1.0000000e+00   1.9991704e-03
   4.3989380e+00   2.0769776e+00   1.1901775e+00   7.8399513e-01   2.3249799e+01   3.1590377e-01   5.1317333e-01   6.5790912e+03   1.0000000e+00   1.9866651e-03
   3.9995897e+00   2.5700430e+00   1.2986535e+00   7.8399873e-01   2.3248531e+01   3.4250089e-01   3.4504416e-01   6.7060219e+03   1.0000000e+00   1.9742545e-03
   4.3582502e+00   2.1723383e+00   1.2326940e+00   7.8399574e-01   2.3249639e+01   3.1799512e-01   4.9819334e-01   6.5853361e+03   1.0000000e+00   1.9430784e-03
   3.9780000e+00   2.6518552e+00   1.3243750e+00   7.8399994e-01   2.3232680e+01   3.4637258e-01   3.3419142e-01   6.7772488e+03   1.0000000e+00   1.9335655e-03
   4.0090175e+00   2.6085620e+00   1.3213553e+00   7.8399797e-01   2.3248432e+01   3.4028100e-01   3.4995661e-01   6.6593145e+03   1.0000000e+00   1.9246131e-03
   4.0517984e+00   2.5306010e+00   1.3190017e+00   7.8399973e-01   2.3249554e+01   3.7414783e-01   3.1381273e-01   6.8257873e+03   1.0000000e+00   1.9038026e-03
   4.1570674e+00   2.5353799e+00   1.3058593e+00   7.8399961e-01   2.3244733e+01   3.3911756e-01   3.5605360e-01   6.6331847e+03   1.0000000e+00   1.8911178e-03
   4.3578697e+00   2.0680000e+00   1.1932194e+00   7.8399483e-01   2.3249992e+01   3.0702026e-01   5.6946512e-01   6.5456579e+03   1.0000000e+00   1.8829440e-03
   4.1037231e+00   2.5093802e+00   1.1977159e+00   7.8399993e-01   2.3249944e+01   3.1031235e-01   5.4744134e-01   6.5630066e+03   1.0000000e+00   1.8823840e-03
   4.1013214e+00   2.5482142e+00   1.3082002e+00   7.8399996e-01   2.3249940e+01   3.7454458e-01   3.1459510e-01   6.8255575e+03   1.0000000e+00   1.8651031e-03
   4.1688662e+00   2.3146948e+00   1.2852040e+00   7.8399799e-01   2.3249933e+01   3.7439118e-01   3.1845594e-01   6.8228446e+03   1.0000000e+00   1.8546598e-03
   3.9818818e+00   2.6680000e+00   1.3191034e+00   7.8399880e-01   2.3248778e+01   3.4250901e-01   3.4243496e-01   6.7076435e+03   1.0000000e+00   1.8543123e-03
   4.0181218e+00   2.5278124e+00   1.3186167e+00   7.8400000e-01   2.3250000e+01   3.7414479e-01   3.1340664e-01   6.8260431e+03   1.0000000e+00   1.8173813e-03
   4.0353294e+00   2.5668668e+00   1.3260000e+00   7.8398951e-01   2.3249764e+01   3.0122012e-01   6.0092337e-01   6.5149935e+03   1.0000000e+00   1.8132077e-03
   3.9806307e+00   2.6628693e+00   1.3170852e+00   7.8399997e-01   2.3236453e+01   3.4861433e-01   3.2989625e-01   6.8034227e+03   1.0000000e+00   1.8037897e-03
